25 5 3 1

220 	0.50 	0.70 	0.059 	51
210 	0.60 	0.72 	0.059 	52
215 	0.55 	0.75 	0.060 	54
217 	0.58 	0.68 	0.065 	52
206 	0.62 	0.69 	0.064 	53
205 	0.56 	0.71 	0.059 	50
211 	0.60 	0.69 	0.071 	61
212 	0.58 	0.64 	0.063 	58
225 	0.64 	0.67 	0.073 	55
230 	0.59 	0.69 	0.071 	59
211 	0.61 	0.70 	0.069 	56
219 	0.60 	0.55 	0.062 	55
220 	0.60 	0.71 	0.064 	58
216 	0.70 	0.69 	0.054 	57
210 	0.65 	0.68 	0.051 	53
225 	0.68 	0.72 	0.049 	54
215 	0.64 	0.69 	0.055 	55
210 	0.80 	0.62 	0.069 	55
215 	0.76 	0.65 	0.065 	50
220 	0.55 	0.71 	0.069 	52
214 	0.61 	0.62 	0.064 	56
218 	0.65 	0.67 	0.055 	58
215 	0.64 	0.66 	0.058 	60
222 	0.62 	0.65 	0.057 	55
220 	0.64 	0.62 	0.055 	58
25.29
29.22
27.37
25.32
25.98
27.63
20.17
21.54
24.03
22.35
23.32
21.19
25.25
33.89
34.34
41.63
31.38
27.44
32.68
23.94
22.58
29.76
26.09
28.54
27.37
